SVM: -1.678283 (0.417308)
KNN: -1.533692 (0.551009)
LR: -1.124485 (0.294359)
BNN: -1.148625 (0.389401)
RANSAC: -1.607490 (0.471985)
ELM: -1.600436 (0.423073)