SVM: -1.678283 (0.417308)
KNN: -1.533692 (0.551009)
LR: -1.124485 (0.294359)
BNN: -1.166266 (0.389347)
RANSAC: -5.107831 (10.571013)
ELM: -1.576202 (0.401913)